key-5: 1.37999
key-6: 1.936
key-7: 2.42798
key-9: 3.164
