key-5: 0.838013
key-6: 1.371
key-7: 1.79999
key-8: 2.12701
key-3: 2.48999
key-2: 2.71301
key-9: 3.215
