key-7: 1.728
key-6: 2.34299
key-2: 2.807
key-1: 3.326
key-3: 3.96799
key-9: 4.893
