key-6: 2.427
key-3: 4.923
key-0: 6.022
key-1: 7.259
key-8: 8.20601
key-7: 9.12401
key-5: 10.088
key-8: 10.906
key-9: 12.171
