key-5: 2.767
key-1: 3.573
key-6: 4.12399
key-2: 4.619
key-7: 5.22301
key-3: 5.88499
key-8: 6.48801
key-2: 7.149
key-7: 7.83501
key-1: 8.37801
key-6: 8.91299
key-0: 9.60699
key-9: 10.646
