key-5: 0.843018
key-6: 1.38
key-7: 1.758
key-3: 2.103
key-2: 2.44
key-1: 2.745
key-0: 3.08701
key-9: 3.901
