key-5: 1.08701
key-6: 2.48
key-7: 3.077
key-8: 4.187
key-0: 5.38
key-1: 6.04501
key-9: 7.591
