key-7: 2.07898
key-6: 3.10999
key-8: 4.18103
key-3: 4.85803
key-2: 6.47198
key-9: 7.97699
