key-8: 1.276
key-7: 1.88501
key-6: 2.36801
key-2: 2.77301
key-9: 3.395
