key-5: 2.606
key-6: 3.39401
key-9: 4.79001
