key-5: 1.715
key-6: 2.51299
key-7: 3.71899
key-8: 4.40599
key-9: 5.19398
